Number of transactions: [ 10, 11, 12, 13, 14, 15, 16, 17, 18, 19, 20, 21, 22, 23, 24, 25, 26, 27,
  28, 29, 30, 31, 32, 33, 34, 35, 36, 37, 38, 39, 40, 41, 42, 43, 44, 45,
  46, 47, 48, 49, 50, 51, 52, 53, 54, 55, 56, 57, 58, 59, 60, 61, 62, 63,
  64, 65, 66, 67, 68, 69, 70, 71, 72, 73, 74, 75, 76, 77, 78, 79, 80, 81,
  82, 83, 84, 85, 86, 87, 88, 89, 90, 91, 92, 93, 94, 95, 96, 97, 98, 99,
 100,101,102,103,104,105,106,107,108,109,110,111,112,113,114,115,116,117,
 118,119,120,121,122,123,124,125,126,127,128,129,130,131,132,133,134,135,
 136,137,138,139,140,141,142,143,144,145,146,147,148,149,150,151,152,153,
 154,155,156,157,158,159,160,161,162,163,164,165,166,167,168,169,170,171,
 172,173,174,175,176,177,178,179,180,181,182,183,184,185,186,187,188,189,
 190,191,192,193,194,195,196,197,198,199,200,201,202,203,204,205,206,207,
 208,209,210,211,212,213,214,215,216,217,218,219,220,221,222,223,224,225,
 226,227,228,229,230,231,232,233,234,235,236,237,238,239,240,241,242,243,
 244,245,246,247,248,249,250,251,252,253,254,255,256,257,258,259,260,261,
 262,263,264,265,266,267,268,269,270,271,272,273,274,275,276,277,278,279,
 280,281,282,283,284,285,286,287,288,289,290,291,292,293,294,295,296,297,
 298,299,300,301,302,303,304,305,306,307,308,309,310,311,312,313,314,315,
 316,317,318,319,320,321,322,323,324,325,326,327,328,329,330,331,332,333,
 334,335,336,337,338,339,340,341,342,343,344,345,346,347,348,349,350,351,
 352,353,354,355,356,357,358,359,360,361,362,363,364,365,366,367,368,369,
 370,371,372,373,374,375,376,377,378,379,380,381,382,383,384,385,386,387,
 388,389,390,391,392,393,394,395,396,397,398,399,400,401,402,403,404,405,
 406,407,408,409,410,411,412,413,414,415,416,417,418,419,420,421,422,423,
 424,425,426,427,428,429,430,431,432,433,434,435,436,437,438,439,440,441,
 442,443,444,445,446,447,448,449,450,451,452,453,454,455,456,457,458,459,
 460,461,462,463,464,465,466,467,468,469,470,471,472,473,474,475,476,477,
 478,479,480,481,482,483,484,485,486,487,488,489,490,491,492,493,494,495,
 496,497,498,499,500,501,502,503,504,505,506,507,508,509,510,511,512,513,
 514,515,516,517,518,519,520,521,522,523,524,525,526,527,528,529,530,531,
 532,533,534,535,536,537,538,539,540,541,542,543,544,545,546,547,548,549,
 550,551,552,553,554,555,556,557,558,559,560,561,562,563,564,565,566,567,
 568,569,570,571,572,573,574,575,576,577,578,579,580,581,582,583,584,585,
 586,587,588,589,590,591,592,593,594,595,596,597,598,599,600,601,602,603,
 604,605,606,607,608,609,610,611,612,613,614,615,616,617,618,619,620,621,
 622,623]
Verification time: [0.0066584 ,0.00767112,0.00765777,0.00866008,0.00799195,0.01039553,
 0.00699997,0.00833146,0.00734282,0.00866675,0.01701832,0.01666411,
 0.01666935,0.01675685,0.01665171,0.01733303,0.01532547,0.01499128,
 0.01399708,0.01566132,0.01999672,0.0179944 ,0.01733343,0.02000705,
 0.01700966,0.02269467,0.02033178,0.01768223,0.01932414,0.02034561,
 0.02165659,0.02275681,0.02129904,0.02133234,0.02233903,0.02199976,
 0.02133528,0.0233531 ,0.02366718,0.02105729,0.02599931,0.02866975,
 0.02533205,0.0249993 ,0.02433443,0.02398562,0.02550594,0.02533801,
 0.02499715,0.02501535,0.03467043,0.03000546,0.02833899,0.03265007,
 0.03374497,0.03967071,0.03838118,0.03232829,0.03533387,0.0420022 ,
 0.03766664,0.03433736,0.03300063,0.04037698,0.03466805,0.03232749,
 0.03266923,0.03333767,0.03667307,0.043667  ,0.07233755,0.04030752,
 0.03706527,0.04098614,0.03932055,0.0366679 ,0.03834073,0.03573855,
 0.03632458,0.0393339 ,0.03965648,0.0390056 ,0.03934471,0.04133701,
 0.03798644,0.04333297,0.03967309,0.03961937,0.03735097,0.03697761,
 0.04007522,0.0389936 ,0.04934549,0.04000449,0.04534157,0.04531066,
 0.04433187,0.04367995,0.0517149 ,0.0443395 ,0.04899796,0.0570031 ,
 0.05031498,0.05034328,0.05701184,0.05133653,0.0507497 ,0.05233637,
 0.05374146,0.05431358,0.05067062,0.04933222,0.04801488,0.05033175,
 0.0553294 ,0.0506645 ,0.05099948,0.0581286 ,0.05432002,0.05833324,
 0.06501396,0.05867449,0.0566624 ,0.05933253,0.05639172,0.05399124,
 0.05737559,0.05666876,0.05273453,0.05698967,0.05966473,0.05565715,
 0.06302849,0.06005907,0.05800589,0.05465905,0.0563279 ,0.06068095,
 0.05998715,0.06500038,0.07266474,0.0600156 ,0.0583144 ,0.06340837,
 0.0603327 ,0.06906017,0.06301848,0.0623347 ,0.05943243,0.06138531,
 0.06233509,0.071064  ,0.06642771,0.065672  ,0.05946533,0.0636607 ,
 0.06201124,0.06232667,0.05999446,0.0596749 ,0.06280867,0.06165703,
 0.06372023,0.061656  ,0.06339431,0.06298868,0.06334257,0.06831503,
 0.0637118 ,0.06481957,0.06566668,0.06601508,0.06967354,0.07501284,
 0.06699848,0.06466476,0.06632749,0.06499807,0.07937924,0.06807836,
 0.07199788,0.11001221,0.07567978,0.07266704,0.07600021,0.07299678,
 0.07466753,0.06834928,0.07498606,0.09334509,0.08700633,0.08499765,
 0.08399343,0.07500172,0.07599568,0.07300242,0.07233437,0.07566404,
 0.08266028,0.08272751,0.08233778,0.08198516,0.09006739,0.08332721,
 0.08500274,0.08376106,0.08299629,0.07849542,0.07933458,0.07767518,
 0.08566276,0.08134413,0.0833451 ,0.10103583,0.09233109,0.11233441,
 0.09400797,0.10832326,0.09346501,0.09331393,0.09466426,0.09242296,
 0.08767374,0.08933218,0.08733789,0.08232061,0.08207162,0.08678699,
 0.08674685,0.08833361,0.08501029,0.08700633,0.09032043,0.09066757,
 0.08967932,0.10265923,0.08833694,0.08833226,0.10333403,0.09172034,
 0.0899876 ,0.09400558,0.08866684,0.08932288,0.10200556,0.09767675,
 0.09533286,0.09299374,0.09033497,0.09632349,0.09366051,0.09799925,
 0.09472466,0.09138632,0.09541154,0.09734686,0.09631761,0.08966867,
 0.09550913,0.09619776,0.09399239,0.11266422,0.11274958,0.10896015,
 0.09867342,0.10339618,0.09733899,0.11234546,0.10332553,0.10200906,
 0.1044058 ,0.099382  ,0.10034378,0.11899916,0.11965887,0.11008612,
 0.10066827,0.10001095,0.10231066,0.09871078,0.10801172,0.10332338,
 0.10300716,0.11266279,0.10734399,0.11402059,0.11800186,0.11634318,
 0.13566534,0.12399983,0.12137143,0.11913594,0.11531655,0.11201692,
 0.10997931,0.11134593,0.10409443,0.10700067,0.10905345,0.10499024,
 0.11467179,0.1137313 ,0.11232845,0.11041594,0.10750389,0.1020364 ,
 0.10575318,0.10396536,0.10367362,0.10666585,0.11473592,0.11282881,
 0.11115217,0.11753559,0.10937222,0.11349773,0.11300079,0.11173781,
 0.11367575,0.11532529,0.11399555,0.11029649,0.11200714,0.11305761,
 0.11838595,0.12400325,0.12167525,0.12134027,0.12733094,0.1255099 ,
 0.12874095,0.13733625,0.11799423,0.12533601,0.13765772,0.12932491,
 0.12504665,0.13465468,0.13333082,0.136777  ,0.13681992,0.12634063,
 0.13500206,0.13032794,0.12299196,0.12566741,0.12843887,0.13366731,
 0.12643433,0.12799271,0.13533243,0.14639155,0.12766933,0.12366144,
 0.13208596,0.14500515,0.13533513,0.13699762,0.1276714 ,0.13100306,
 0.13166753,0.13074001,0.12534165,0.14698148,0.12802688,0.12866441,
 0.12899454,0.1353213 ,0.12533228,0.13733641,0.13500222,0.13305386,
 0.13434768,0.14038459,0.13939182,0.14567582,0.14432891,0.14599355,
 0.13468067,0.13200005,0.13241275,0.1474119 ,0.14067356,0.14354904,
 0.14200266,0.13867776,0.13631121,0.13868594,0.14306315,0.1356047 ,
 0.14333733,0.14799507,0.14485892,0.15234089,0.17210809,0.1523238 ,
 0.15066083,0.15734339,0.15099939,0.14533313,0.14713534,0.14598695,
 0.15532621,0.15466126,0.15205415,0.1506683 ,0.1473128 ,0.15138451,
 0.14069343,0.15233827,0.1529878 ,0.14717094,0.14606818,0.13843036,
 0.14877677,0.14898443,0.14067507,0.1377271 ,0.15165369,0.14034216,
 0.14166601,0.14900621,0.14966814,0.15152033,0.15898641,0.15675004,
 0.16065351,0.14236101,0.14932362,0.15499775,0.13899446,0.14095219,
 0.14433805,0.14567534,0.15055076,0.14521774,0.14249269,0.14132333,
 0.14367588,0.1426731 ,0.14824669,0.14910158,0.15266172,0.14808647,
 0.14000368,0.14199281,0.14274232,0.14233502,0.14233478,0.15308173,
 0.14564363,0.14742923,0.15002918,0.14368153,0.1530594 ,0.14837877,
 0.14934667,0.14932489,0.15200249,0.15100376,0.15100606,0.1519959 ,
 0.15155983,0.16031861,0.16324298,0.16500449,0.2024382 ,0.15832027,
 0.158705  ,0.15584405,0.15465601,0.15764864,0.16008997,0.16465886,
 0.17378195,0.1567107 ,0.16132569,0.15165575,0.16390522,0.15711323,
 0.15733417,0.16138538,0.17098975,0.18000333,0.17132696,0.16968513,
 0.16998863,0.1683801 ,0.16038426,0.16942604,0.17308291,0.17346152,
 0.17433294,0.16069221,0.15847572,0.16332563,0.16767112,0.19268052,
 0.18799074,0.18899918,0.17107733,0.1663661 ,0.16764712,0.17905251,
 0.17466331,0.18332442,0.17966366,0.17468294,0.16999046,0.16273697,
 0.17200303,0.18499955,0.18230534,0.17142963,0.17770378,0.17943819,
 0.17741299,0.17384664,0.18366146,0.18334937,0.17932789,0.16712729,
 0.16973305,0.16899538,0.16699513,0.16345318,0.16692527,0.16766302,
 0.16501673,0.1721948 ,0.17446772,0.18097218,0.20475101,0.17945425,
 0.17518425,0.16865524,0.18340913,0.17583299,0.16840514,0.18005935,
 0.18758098,0.17510263,0.17953253,0.1866618 ,0.18899608,0.18318399,
 0.19085336,0.17933091,0.20219223,0.17507903,0.18339332,0.18841712,
 0.18675208,0.18709207,0.18774756,0.18777355,0.19052831,0.18278964,
 0.19567577,0.22633529,0.18733048,0.18716606,0.19215568,0.19075974,
 0.18240142,0.1884199 ,0.19237383,0.17708111,0.17833893,0.17837048,
 0.19472337,0.20607591,0.19110529,0.22521075,0.20151011,0.18671179,
 0.18581351,0.19598293,0.20101333,0.1866742 ,0.18565114,0.19508266,
 0.18383503,0.18999267,0.2003727 ,0.18671107,0.18145386,0.17986433,
 0.18781805,0.19565558,0.2090536 ,0.19238075,0.18807316,0.20404927,
 0.1954004 ,0.19431305,0.19354073,0.18885446,0.19899106,0.18375985,
 0.19867102,0.21891109,0.21941312,0.23300378,0.21438543,0.20238137,
 0.19108184,0.18573499,0.19969376,0.20306134,0.22236911,0.24805029,
 0.22026745,0.22180033]