Number of coin spends: [  0,  1,  2,  3,  4,  5,  6,  7,  8,  9, 10, 11, 12, 13, 14, 15, 16, 17,
  18, 19, 20, 21, 22, 23, 24, 25, 26, 27, 28, 29, 30, 31, 32, 33, 34, 35,
  36, 37, 38, 39, 40, 41, 42, 43, 44, 45, 46, 47, 48, 49, 50, 51, 52, 53,
  54, 55, 56, 57, 58, 59, 60, 61, 62, 63, 64, 65, 66, 67, 68, 69, 70, 71,
  72, 73, 74, 75, 76, 77, 78, 79, 80, 81, 82, 83, 84, 85, 86, 87, 88, 89,
  90, 91, 92, 93, 94, 95, 96, 97, 98, 99,100,101,102,103,104,105,106,107,
 108,109,110,111,112,113,114,115,116,117,118,119,120,121,122,123,124,125,
 126,127,128,129,130,131,132,133,134,135,136,137,138,139,140,141,142,143,
 144,145,146,147,148,149,150,151,152,153,154,155,156,157,158,159,160,161,
 162,163,164,165,166,167,168,169,170,171,172,173,174,175,176,177,178,179,
 180,181,182,183,184,185,186,187,188,189,190,191,192,193,194,195,196,197,
 198,199,200,201,202,203,204,205,206,207,208,209,210,211,212,213,214,215,
 216,217,218,219,220,221,222,223,224,225,226,227,228,229,230,231,232,233,
 234,235,236,237,238,239,240,241,242,243,244,245,246,247,248,249,250,251,
 252,253,254,255,256,257,258,259,260,261,262,263,264,265,266,267,268,269,
 270,271,272,273,274,275,276,277,278,279,280,281,282,283,284,285,286,287,
 288,289,290,291,292,293,294,295,296,297,298,299,300,301,302,303,304,305,
 306,307,308,309,310,311,312,313,314,315,316,317,318,319,320,321,322,323,
 324,325,326,327,328,329,330,331,332,333,334,335,336,337,338,339,340,341,
 342,343,344,345,346,347,348,349,350,351,352,353,354,355,356,357,358,359,
 360,361,362,363,364,365,366,367,368,369,370,371,372,373,374,375,376,377,
 378,379,380,381,382,383,384,385,386,387,388,389,390,391,392,393,394,395,
 396,397,398,399,400,401,402,403,404,405,406,407,408,409,410,411,412,413,
 414,415,416,417,418,419,420,421,422,423,424,425,426,427,428,429,430,431,
 432,433,434,435,436,437,438,439,440,441,442,443,444,445,446,447,448,449,
 450,451,452,453,454,455,456,457,458,459,460,461,462,463,464,465,466,467,
 468,469,470,471,472,473,474,475,476,477,478,479,480,481,482,483,484,485,
 486,487,488,489,490,491,492,493,494,495,496,497,498,499,500,501,502,503,
 504,505,506,507,508,509,510,511,512,513,514,515,516,517,518,519,520,521,
 522,523,524,525,526,527,528,529,530,531,532,533,534,535,536,537,538,539,
 540,541,542,543,544,545,546,547,548,549,550,551,552,553,554,555,556,557,
 558,559,560,561,562,563,564,565,566,567,568,569,570,571,572,573,574,575,
 576,577,578,579,580,581,582,583,584,585,586,587,588,589,590,591,592,593,
 594,595,596,597,598,599,600,601,602,603,604,605,606,607,608,609,610,611,
 612,613,614,615,616,617,618,619,620,621,622,623,624,625,626,627,628,629,
 630,631,632,633,634,635,636,637,638,639,640,641,642,643,644,645,646,647,
 648,649,650,651,652,653,654,655,656,657,658,659,660,661,662,663,664,665,
 666,667,668,669,670,671,672,673,674,675,676,677,678,679,680,681,682,683,
 684,685,686,687,688,689,690,691,692,693,694,695,696,697,698,699,700,701,
 702,703,704,705,706,707,708,709,710,711,712,713,714,715,716,717,718,719,
 720,721,722,723,724,725,726,727,728,729,730,731,732,733,734,735,736,737,
 738,739,740,741,742,743,744,745,746,747,748,749,750,751,752,753,754,755,
 756,757,758,759,760,761,762,763,764,765,766,767,768,769,770,771,772,773,
 774,775,776,777,778,779,780,781,782,783,784,785,786,787,788,789,790,791,
 792,793,794,795,796,797,798,799,800,801,802,803,804,805,806,807,808,809,
 810,811,812,813,814,815,816,817,818,819,820,821,822,823,824,825,826,827,
 828,829,830,831,832,833,834,835,836,837,838,839,840,841,842,843,844,845,
 846,847,848,849,850,851,852,853,854,855,856,857,858,859,860,861,862,863,
 864,865,866,867,868,869,870,871,872,873,874,875,876,877,878,879,880,881,
 882,883,884,885,886,887,888,889,890]
Verification time: [0.        ,0.00399502,0.00666642,0.00833599,0.00967447,0.01166375,
 0.01199977,0.01400097,0.01500257,0.02066644,0.01765974,0.01834234,
 0.01933535,0.03665551,0.02333744,0.02401106,0.02433213,0.02699868,
 0.02899194,0.02765973,0.02933288,0.0309991 ,0.0313375 ,0.03232996,
 0.03366709,0.03632474,0.03700566,0.03798739,0.04099695,0.039668  ,
 0.04200705,0.04300539,0.04600024,0.04665573,0.04632735,0.04698793,
 0.04933071,0.04866831,0.05032754,0.05500015,0.05300546,0.05466644,
 0.05500007,0.05699913,0.05633775,0.06033047,0.05999907,0.0673329 ,
 0.06366611,0.06366738,0.06899921,0.07034556,0.08733543,0.07400044,
 0.09666896,0.07700141,0.0736692 ,0.07799045,0.09167528,0.11100594,
 0.08234318,0.08133006,0.08167187,0.08332872,0.08733137,0.08765546,
 0.0869956 ,0.08499201,0.08766445,0.09033386,0.09000317,0.09834337,
 0.09966842,0.10866268,0.09666451,0.10167066,0.11866458,0.10700687,
 0.12832642,0.10766546,0.11900187,0.11266987,0.12000291,0.14233502,
 0.11333291,0.10933304,0.11599159,0.11733063,0.13334044,0.12199934,
 0.1183428 ,0.15298541,0.12733293,0.1203235 ,0.11533459,0.12232709,
 0.13566113,0.12399515,0.12499913,0.12434697,0.12866203,0.12633769,
 0.12500731,0.13100084,0.12833826,0.13067269,0.13433194,0.13499061,
 0.13950451,0.13433464,0.1396807 ,0.13933651,0.15334312,0.14499839,
 0.14333002,0.15799022,0.15266347,0.14733291,0.14799754,0.15166362,
 0.16100057,0.15633488,0.15600602,0.15533932,0.15233095,0.15433248,
 0.15799952,0.16234303,0.20367138,0.19766839,0.17499495,0.16666555,
 0.16599345,0.18533786,0.17100668,0.19433403,0.1736602 ,0.17134055,
 0.17234008,0.17831779,0.17966064,0.18168116,0.23033333,0.18334484,
 0.1783185 ,0.17900046,0.19100428,0.24166751,0.19534763,0.19766855,
 0.2170004 ,0.20932786,0.19232988,0.20101206,0.2703317 ,0.20699811,
 0.23566643,0.22433893,0.21733387,0.20233091,0.22666359,0.20700129,
 0.21733427,0.21166468,0.22300116,0.20833397,0.21233582,0.21466287,
 0.22566652,0.21700501,0.21933436,0.2403361 ,0.21632218,0.33133348,
 0.22799595,0.23532645,0.23498599,0.23666501,0.22266491,0.2206676 ,
 0.22166856,0.22631637,0.22632265,0.23066441,0.22866901,0.2439994 ,
 0.23665841,0.25966342,0.26933694,0.24133515,0.2520082 ,0.24134119,
 0.25166678,0.24233397,0.25233698,0.24934522,0.25100358,0.2463367 ,
 0.24931892,0.29732513,0.29600596,0.2663339 ,0.28466662,0.30933809,
 0.25967216,0.26501147,0.27000308,0.2886823 ,0.27166136,0.26732953,
 0.26499899,0.28500088,0.29799859,0.30733959,0.27368569,0.27383367,
 0.30133382,0.29200045,0.27666688,0.27499962,0.32132864,0.27866642,
 0.30099901,0.28733079,0.28566535,0.28666067,0.34866269,0.30265872,
 0.32232706,0.32666119,0.31932394,0.30166912,0.29666781,0.29535778,
 0.31067427,0.30200672,0.31333311,0.34366854,0.30666796,0.29833714,
 0.30633752,0.30832585,0.32666763,0.3190074 ,0.37033296,0.3176554 ,
 0.3286674 ,0.31900613,0.3826739 ,0.34466529,0.33999554,0.38666526,
 0.33599861,0.32633368,0.32333676,0.31999564,0.32265671,0.33134611,
 0.34166638,0.33066559,0.32800158,0.32767034,0.32866057,0.32999651,
 0.33933091,0.33133682,0.33899951,0.37500906,0.36032653,0.34199905,
 0.34333849,0.36301271,0.35466989,0.37866044,0.34634217,0.45732355,
 0.3793269 ,0.36066182,0.36967874,0.3583564 ,0.36334244,0.37088784,
 0.36141229,0.35201478,0.35801816,0.38368201,0.3693428 ,0.39033699,
 0.46499403,0.39102157,0.38099281,0.39667463,0.38731758,0.38866107,
 0.4366831 ,0.38999995,0.46100084,0.44499644,0.38166674,0.44299841,
 0.38133486,0.37198321,0.38018481,0.49300297,0.40167395,0.38299195,
 0.37566916,0.37966593,0.38201022,0.39534386,0.38567599,0.38699595,
 0.38617357,0.38867227,0.38799969,0.39232421,0.39333161,0.39099995,
 0.39367088,0.39466675,0.39766383,0.40700761,0.40365442,0.39966806,
 0.40367818,0.40400545,0.40267396,0.40765564,0.40933545,0.41033459,
 0.41233198,0.42066375,0.41366347,0.41698829,0.42866119,0.42199421,
 0.41633956,0.42066979,0.43468404,0.4299953 ,0.42798734,0.43001993,
 0.43266416,0.43465956,0.43865474,0.43533119,0.43900259,0.43133068,
 0.43200803,0.43899282,0.44300278,0.43866936,0.44932199,0.44632045,
 0.44763501,0.45065602,0.44799415,0.44799892,0.44866856,0.4496611 ,
 0.44966269,0.46967689,0.47400459,0.47400395,0.46833754,0.46066562,
 0.45799875,0.45866601,0.46466359,0.46598649,0.46133924,0.46799215,
 0.48433439,0.57467198,0.48666692,0.47599983,0.47367676,0.47333018,
 0.47233136,0.60199293,0.48532319,0.48833187,0.48433328,0.47566732,
 0.4836611 ,0.49800809,0.48400124,0.48966869,0.49133086,0.50133745,
 0.48900223,0.50365694,0.5323321 ,0.51234229,0.49267062,0.49033332,
 0.48833283,0.49266847,0.49533296,0.49966184,0.49532755,0.49665507,
 0.4986585 ,0.50333293,0.50202258,0.50600179,0.50166702,0.50699886,
 0.51432935,0.51432316,0.51700107,0.52434023,0.50833106,0.57033459,
 0.52364572,0.5149889 ,0.55232445,0.56232285,0.53966681,0.53600009,
 0.51967049,0.52401018,0.54433886,0.54301675,0.53266644,0.52767015,
 0.52900608,0.54134472,0.5373315 ,0.52932469,0.53300039,0.53565907,
 0.53499643,0.53132749,0.54232574,0.54833317,0.54798094,0.55633259,
 0.57801112,0.56765978,0.56133207,0.55334449,0.55133422,0.56133072,
 0.58066114,0.56933228,0.56632789,0.56333478,0.5799977 ,0.57098921,
 0.56368216,0.57266386,0.57734688,0.58433294,0.58866684,0.58067346,
 0.58633081,0.56633751,0.56732591,0.57100105,0.57900047,0.57298915,
 0.5713319 ,0.57332937,0.63251281,0.59467109,0.59733025,0.80933698,
 0.65266903,0.60365653,0.60165723,0.68166796,0.60268895,0.59066669,
 0.59233419,0.61566742,0.61933033,0.61033122,0.61633269,0.60299762,
 0.59165955,0.59533167,0.60566608,0.60799758,0.6053222 ,0.61100006,
 0.61533332,0.61100554,0.61066024,0.6266733 ,0.61932031,0.61409855,
 0.66766548,0.70134258,0.77766641,1.23966217,1.17766674,1.19599962,
 2.51058133,1.11767189,1.25666523,1.04267144,1.14800191,0.94866705,
 0.94301057,0.86599835,0.87500477,0.93800227,0.94765751,0.96301349,
 0.90466603,0.88333313,0.98599728,1.15633933,1.11832929,0.94800154,
 0.89099598,0.94066731,1.02299547,1.00566316,0.99866398,1.1466705 ,
 0.96066403,0.87800312,0.98133429,0.88166595,0.95167279,1.14765604,
 1.02033154,0.93834035,1.00766555,0.90667295,0.88596376,0.87598944,
 0.99232244,1.01066645,1.17200033,1.02400192,1.04699151,0.98699617,
 0.96733109,1.02866769,1.04400849,0.82233421,0.75533628,0.76266615,
 0.92600012,0.93999998,0.83800952,0.81066664,0.76800776,0.77500192,
 1.0193332 ,0.81733092,0.7876637 ,0.81932624,0.802332  ,0.77400907,
 0.78499921,0.77400017,0.75699997,0.758008  ,0.75300781,0.7229898 ,
 0.74702239,0.71366103,0.7043337 ,0.70800042,0.70133877,0.70134314,
 0.70466455,0.70666981,0.70899685,0.72132651,0.73600054,0.7433428 ,
 0.72233176,0.73366841,0.72634419,0.7169954 ,0.7256643 ,0.74666667,
 0.73166386,0.72000051,0.71966068,0.72466874,0.72167373,0.75700132,
 0.72766789,0.72432987,0.72733188,0.75367117,0.7359937 ,0.73633567,
 0.74001431,0.73468471,0.73800564,0.73299956,0.73566651,0.73467255,
 0.74000748,0.74265679,0.76000094,0.74999166,0.74466729,0.7493302 ,
 0.74365807,0.78266644,0.78700113,0.75399892,0.77766991,0.76766562,
 0.75635632,0.75798432,0.76633326,0.76200112,0.75766762,0.78467282,
 0.82733719,0.84234238,0.79532441,0.78233298,0.77333132,0.76699996,
 0.7736783 ,0.76833518,0.77434882,0.78099521,0.79999741,0.78666846,
 0.82700062,0.79200045,0.79133161,0.78433553,0.78433228,0.79833603,
 0.79133558,0.85100031,0.80033843,0.79299339,0.80435594,0.80233542,
 0.83033276,0.8173337 ,0.83633534,0.824332  ,0.82300258,0.80765915,
 0.83533676,0.81765803,0.81265577,0.8160135 ,0.81799038,0.81900104,
 0.86769303,0.8403252 ,0.8289988 ,0.98999763,0.86166485,0.85700154,
 0.83599885,0.83766278,0.83734624,0.84866707,0.84666697,0.9796737 ,
 1.00065891,0.86866895,0.83633002,0.83567802,0.84299986,0.85500256,
 1.0401028 ,0.87333043,0.91200733,1.02033345,0.87233106,0.88525772,
 2.19834344,1.53966538,1.12266628,0.98999445,0.9286646 ,0.88566359,
 0.87699898,0.86299936,0.87233528,0.86799932,0.86799018,0.92034086,
 0.904332  ,0.88598728,0.89069279,0.98833489,0.91400178,0.89299798,
 0.91682482,1.20499682,0.91967257,0.9146622 ,0.91184696,0.94666441,
 0.94467171,0.93233713,0.94133449,0.92266528,0.97034796,0.91266314,
 1.02500375,0.93400311,0.91402944,0.90699816,0.906998  ,0.91783198,
 0.91032775,0.94900076,0.92099031,0.90867178,0.94466662,0.93033552,
 0.91133293,1.02033893,1.14068929,1.04167128,0.9656655 ,0.95433998,
 1.17366687,0.92934251,0.91035867,0.90165893,0.91498756,0.9463462 ,
 0.95033399,0.97529634,1.00233197,1.08466768,1.22033811,1.05100115,
 0.97066617,0.96599706,0.95800289,1.04501367,1.02439698,1.06132332,
 1.08599798,0.97466842,0.98666986,0.98966606,1.03500064,0.99333588,
 0.96867943,1.02232528,0.97266825,1.00433485,1.11566583,1.02733699,
 0.97966687,0.95265373,1.01034331,0.94699494,0.98633377,0.9913373 ,
 1.07666953,1.00299327,0.96833007,0.9683555 ,0.96633585,0.96998946,
 0.95233266,1.04665303,1.08533462,0.99100518,1.02333236,1.08733718,
 1.15898935,1.02601361,1.0306654 ,1.0713311 ,1.17968067,1.07533169,
 1.07566706,1.14298956,1.25570528,1.14334218,1.01966763,1.0616653 ,
 1.0510095 ,1.05033493,1.05833173,1.03600041,1.10933312,1.06833243,
 1.06566834,1.06133477,1.15100265,1.18434119,1.10733159,1.00866787,
 0.99567024,1.02000141,1.02065698,1.03966761,1.00201186,1.0283223 ,
 1.03867722,1.11567338,1.03798564,1.02332513,1.03266724,1.09666538,
 1.02367512,1.02666736,1.02866626,1.0406669 ,1.12467058,1.07334447,
 1.03466018,1.02467235,1.04667727,1.03700789,1.04733427,1.26733828,
 1.12400929,1.09566991,1.03900139,1.0343252 ,1.0259885 ,1.20400182,
 1.0789965 ,1.04266946,1.0556705 ,1.20800392,1.14333526,1.20633388,
 1.10200485,1.12066897,1.13009199,1.08232141,1.06066744,1.12500381,
 1.10101899,1.06766446,1.04933357,1.05900335,1.06433741,1.17367323,
 1.19500017,1.11633984,1.10832548,1.09499844,1.12066754,1.12132907,
 1.19865584,1.14633385,1.09000373,1.11999067,1.09866754,1.231987  ,
 1.13800017,1.35477789,1.18700139,1.20767283,1.1373411 ,1.2319986 ,
 1.21566606,1.18466489,1.15532835,1.31499656,1.4763329 ,1.16500481,
 1.17799608,1.31733537,1.25766253,1.33233356,1.18266638,1.19833541,
 1.24099247,1.15300043,1.24566515,1.23333001,1.17533358,1.14567502,
 1.18033091,1.16401696,1.21398815,1.20199601,1.1466585 ,1.17133331,
 1.12566996,1.13633211,1.16733209]